5
3 1
0 1
1 0
1 1
1 2 3
9 8
4 0
11 0
13 5
10 9
4 9
2 5
7 2
7 4
3 3
1 2 8
9 1 2
6 8 1
1 2 5
3 1 5
1 2 4
1 2 6
7 5 3
10 10
28 21
18 24
19 7
4 17
3 24
1 26
8 20
24 6
1 18
18 13
5 2 8
2 3 10
8 4 6
7 8 3
7 8 9
8 2 5
8 4 6
2 3 4
5 9 1
2 3 1
100 100
81 71
50 50
46 59
19 61
7 77
21 41
84 48
80 44
26 57
35 23
75 37
1 28
95 37
77 56
8 71
17 73
2 76
60 59
88 40
93 8
78 82
42 5
75 56
79 38
3 22
22 40
44 10
50 11
8 44
92 9
48 2
65 45
31 53
76 92
42 39
55 12
69 2
49 9
44 75
96 81
69 55
59 62
33 36
54 15
55 99
4 47
78 55
57 100
73 84
12 93
95 74
14 30
7 21
93 63
86 100
100 28
3 20
80 30
38 15
79 13
22 49
20 82
10 46
4 39
84 8
99 21
30 25
6 16
97 89
33 23
23 58
81 88
66 31
23 31
52 91
94 96
49 87
34 17
61 60
92 47
16 60
86 10
100 13
1 6
67 91
39 96
64 53
64 83
29 54
9 87
62 36
61 7
20 95
70 17
48 74
65 78
37 7
14 72
25 12
96 92
87 100 20
12 65 48
55 76 31
17 48 20
31 56 13
37 84 75
56 41 31
51 48 56
62 48 100
27 50 17
20 76 14
76 82 56
37 19 50
44 31 48
12 3 100
84 12 91
12 17 68
20 76 50
100 17 10
93 69 47
56 12 5
12 16 93
76 93 33
56 55 83
40 37 17
31 67 17
14 37 50
31 69 48
48 71 55
83 37 84
50 55 73
48 50 96
69 44 50
28 56 17
76 84 61
97 100 83
48 69 94
55 89 12
16 48 100
17 93 20
95 55 17
69 42 76
55 71 50
12 60 17
87 100 12
20 31 12
17 77 69
6 12 100
33 50 76
52 100 56
50 17 2
85 55 48
31 14 17
48 69 42
14 84 93
12 48 22
90 76 100
31 16 50
93 33 69
76 83 40
69 100 25
12 99 93
100 83 36
17 100 77
69 76 97
2 55 93
47 76 20
83 31 99
84 100 96
55 37 96
20 39 37
84 17 2
52 55 100
55 83 24
50 74 83
48 93 28
62 76 83
76 78 55
17 49 55
31 60 100
17 70 55
31 84 69
83 74 12
40 100 76
20 86 48
69 55 3
38 84 55
6 17 93
31 55 2
31 50 20
56 75 100
55 57 20
62 76 17
55 38 37
28 17 55
84 9 93
91 20 48
62 83 100
76 93 34
83 38 76
1000 1000
920 229
831 480
23 609
413 656
332 893
267 172
289 453
307 809
320 697
573 973
942 390
137 780
20 458
993 849
408 925
312 176
467 46
1000 511
634 579
359 80
748 32
523 363
967 43
906 724
423 891
834 971
772 825
58 641
170 239
0 890
322 238
9 785
314 456
921 419
271 725
873 570
780 119
729 639
473 180
920 90
725 446
2 323
750 801
383 221
963 421
153 435
776 864
946 542
991 612
809 721
85 189
549 234
370 606
303 165
78 357
460 377
205 153
430 702
546 238
495 406
122 968
43 180
116 751
755 649
70 925
562 36
567 613
507 470
752 527
133 426
241 620
725 68
82 194
389 197
979 42
7 730
52 76
863 381
984 511
29 78
516 625
183 471
404 231
295 459
39 258
45 610
237 710
259 590
592 187
106 103
750 697
851 63
723 613
825 752
901 409
170 943
558 376
841 224
840 399
8 721
522 247
527 214
97 94
731 433
678 568
958 748
88 712
368 564
600 543
508 72
658 994
818 544
925 514
86 783
580 668
140 590
154 968
722 929
660 41
75 213
118 272
780 560
670 728
253 136
706 910
487 230
514 845
378 622
476 617
375 789
617 860
294 346
419 781
910 775
162 614
231 752
905 920
478 625
681 948
672 769
974 840
339 805
781 459
843 70
51 269
188 501
532 753
576 70
279 174
47 589
33 616
470 369
733 812
168 665
275 455
951 468
964 316
239 728
203 441
270 58
578 538
316 371
747 518
4 73
770 211
918 495
584 400
833 559
475 287
347 272
73 887
304 221
129 407
696 855
487 103
502 851
357 824
771 807
708 525
902 130
33 189
911 916
552 791
356 80
895 1000
4 124
292 960
80 212
789 894
630 755
6 971
428 225
543 156
781 453
180 450
568 271
305 974
638 67
277 677
904 130
431 420
804 527
376 166
742 491
440 791
636 683
200 984
392 930
675 943
186 654
79 837
559 683
52 25
927 934
391 436
425 475
440 618
356 311
956 583
109 401
591 338
647 927
22 995
512 194
76 627
870 123
344 191
364 487
586 412
455 287
229 191
376 886
782 347
313 460
763 917
659 834
45 810
221 224
562 349
713 55
113 657
209 271
871 563
653 855
702 400
896 584
195 783
465 44
257 457
348 240
284 214
30 294
966 912
6 541
673 330
265 286
712 494
24 447
342 0
938 738
978 764
218 609
834 301
354 559
662 164
867 690
307 52
521 24
390 63
605 797
124 997
778 398
912 969
204 131
969 210
449 362
497 37
862 98
791 121
161 138
594 813
409 911
743 552
658 367
443 735
352 315
542 190
943 146
671 21
478 502
700 438
585 628
496 175
546 518
166 20
210 64
838 714
113 419
571 250
776 611
568 133
816 808
566 892
901 147
167 51
179 811
793 869
230 149
64 865
404 460
392 101
998 542
264 232
699 483
192 168
899 475
297 373
420 746
877 891
387 146
320 73
712 327
784 762
965 177
270 687
566 942
399 978
842 183
344 983
707 904
272 115
485 232
934 863
626 53
684 302
483 563
483 881
122 31
9 274
178 344
714 281
766 377
405 656
523 277
997 873
766 237
828 1000
339 467
835 610
821 653
157 804
889 649
616 262
68 141
641 342
583 852
333 33
142 77
728 684
104 755
591 671
454 582
525 849
102 322
785 839
949 977
62 291
846 715
258 3
96 513
861 908
286 209
18 536
639 883
888 867
117 745
302 64
815 46
783 963
32 722
809 69
573 240
139 259
371 966
941 685
715 12
297 920
371 206
313 850
77 960
510 648
751 309
384 8
46 255
159 786
129 280
613 912
121 533
932 889
820 591
3 494
996 335
838 811
849 718
719 201
346 284
779 205
968 443
655 101
866 895
603 396
759 402
502 433
282 748
685 206
986 405
862 998
236 94
730 945
811 42
768 709
757 588
799 982
968 812
722 868
844 4
899 942
359 29
127 699
459 556
969 606
3 644
552 374
126 252
400 670
436 165
551 27
517 175
157 114
982 241
683 889
46 162
994 431
616 526
926 350
482 524
978 709
634 657
493 218
53 619
764 93
174 961
116 678
224 67
515 251
68 308
15 395
18 515
464 213
343 421
880 553
310 804
823 757
353 967
908 351
79 51
660 304
235 794
882 383
795 255
863 164
261 907
867 50
368 138
769 869
951 49
14 907
124 209
334 58
14 844
556 588
536 540
381 599
890 98
919 675
690 626
775 814
749 930
65 30
662 41
180 53
245 357
7 572
267 37
665 490
465 100
432 916
493 718
419 397
229 623
545 24
711 713
633 963
515 854
262 852
756 594
501 568
194 398
72 124
931 514
453 670
815 982
574 145
519 119
984 56
934 305
185 604
163 360
729 212
105 575
949 777
974 680
756 762
550 183
840 39
248 880
119 600
17 126
290 45
923 814
72 415
654 243
197 674
213 746
926 192
944 862
212 301
979 17
337 561
126 769
730 885
243 847
584 198
303 297
466 323
879 979
794 634
406 463
439 76
741 319
542 173
734 652
65 868
878 289
991 171
651 203
273 675
319 929
484 87
259 589
480 87
530 873
224 241
972 285
855 517
531 116
932 348
210 380
564 874
541 226
312 751
719 533
444 732
136 688
29 754
466 291
97 150
242 966
361 832
192 458
993 314
927 809
394 35
420 305
633 881
234 773
967 155
701 95
864 121
49 471
183 640
785 777
409 932
985 909
976 92
188 899
295 906
771 112
832 192
530 556
27 742
614 120
269 444
50 415
103 441
20 242
997 796
851 281
488 827
268 902
704 443
565 913
990 259
119 360
904 252
49 258
317 517
724 23
30 932
743 566
846 79
648 738
64 243
807 326
831 996
635 992
609 705
168 317
973 674
24 828
983 835
150 896
461 745
648 961
930 457
752 950
222 204
695 391
151 235
505 546
152 493
533 723
262 688
860 365
162 901
298 584
214 43
74 199
854 84
713 404
954 919
28 344
549 994
54 161
118 370
541 500
807 223
971 486
548 908
44 685
274 30
175 373
806 275
946 270
728 122
938 553
223 759
58 123
878 454
94 863
130 988
855 633
628 159
301 88
649 470
467 725
892 652
817 290
741 845
74 877
971 117
903 848
422 946
93 91
961 643
870 735
159 974
898 176
415 856
102 251
70 388
378 280
545 975
245 142
716 953
902 962
300 364
981 935
55 292
782 174
988 681
109 491
871 218
447 15
734 780
397 20
793 109
427 921
727 934
641 82
529 331
930 336
40 498
179 936
166 828
596 663
28 335
25 810
130 416
595 970
427 744
103 412
16 620
414 501
687 91
600 23
125 200
981 343
528 358
936 246
755 469
798 682
802 148
620 386
408 317
184 861
586 182
23 976
321 16
256 14
321 984
679 370
673 703
66 822
137 637
995 93
650 171
91 964
213 941
795 108
86 767
826 374
953 427
201 84
390 976
110 947
792 846
407 962
489 427
111 153
860 603
990 268
723 172
442 394
612 837
441 643
594 17
652 999
412 19
360 367
424 449
865 27
13 989
911 234
421 921
907 634
199 56
237 188
177 875
788 973
880 7
195 607
784 28
772 666
47 876
539 923
78 819
304 990
665 611
332 991
54 445
516 901
91 897
637 13
19 12
274 933
907 65
999 342
120 667
567 105
107 2
639 993
836 876
732 375
401 842
198 26
827 883
667 297
865 408
311 133
681 55
656 970
520 5
27 681
488 798
637 45
610 806
153 308
957 829
196 993
642 151
744 776
954 356
922 739
89 787
253 552
689 495
457 505
221 711
906 569
186 33
163 333
411 922
861 785
445 99
306 979
512 97
83 486
656 14
283 324
986 477
943 965
580 985
987 282
905 839
985 220
621 702
90 182
645 744
866 394
852 140
264 474
19 388
736 560
796 773
539 200
786 110
463 445
36 874
62 544
42 432
169 898
844 651
724 834
39 892
873 434
965 62
988 902
711 190
556 980
560 219
996 789
740 434
335 352
287 140
582 882
709 72
202 639
548 608
914 480
521 913
48 109
995 330
891 742
187 768
630 50
318 92
736 96
868 369
449 838
51 632
496 159
83 887
970 129
895 139
882 877
798 624
960 714
187 972
152 555
635 761
248 931
8 340
294 319
864 719
87 205
936 967
106 975
246 838
921 660
933 152
266 981
41 102
443 651
609 945
915 126
394 21
962 917
769 503
841 508
463 29
225 25
63 888
139 233
171 905
820 992
697 275
432 66
121 316
977 136
98 416
10 918
151 911
843 472
540 492
668 910
69 949
136 763
957 74
43 928
753 886
671 253
403 988
800 602
1000 850
928 526
791 235
825 924
715 978
25 557
659 9
383 57
884 851
167 628
63 602
961 955
40 759
879 800
209 113
87 867
942 900
509 465
117 39
973 426
196 760
482 715
337 990
770 853
857 381
350 57
123 299
333 972
305 798
134 132
472 570
37 747
59 687
716 807
61 566
797 965
234 525
335 456
732 44
826 351
941 1
357 826
302 573
933 536
300 362
13 669
327 830
650 465
256 935
654 105
931 339
738 825
396 529
407 478
220 36
631 964
234 164 345
814 271 945
30 746 563
698 945 934
366 493 773
271 154 538
801 729 271
880 801 185
259 185 152
510 42 746
447 223 42
191 945 916
698 332 347
627 795 698
191 347 794
42 392 801
746 271 419
36 223 366
657 191 798
199 223 366
223 596 698
762 191 345
637 795 42
535 30 18
798 380 42
773 112 345
773 439 42
658 345 795
387 801 164
185 89 773
801 345 616
30 715 259
698 259 639
42 945 548
899 773 795
403 801 18
198 347 985
985 191 42
553 164 223
907 773 223
798 366 576
30 746 757
366 345 954
365 798 18
366 185 980
345 892 42
271 347 294
799 798 698
345 347 918
185 345 405
366 347 326
164 985 239
795 746 651
347 191 687
637 18 798
985 945 863
945 347 273
30 223 293
345 164 283
631 801 223
18 35 30
955 746 191
347 316 223
164 83 30
746 271 259
345 585 798
347 773 979
30 698 341
857 698 945
293 347 366
215 347 164
746 347 911
164 890 795
876 795 18
332 798 18
185 271 400
868 185 42
425 773 223
325 798 773
773 512 30
30 558 795
798 801 753
924 801 42
681 366 185
945 345 638
744 538 345
185 33 191
958 271 191
374 366 698
514 345 191
538 345 168
801 593 18
347 450 985
271 538 548
347 515 985
698 223 871
223 18 5
916 345 271
164 66 185
696 271 223
798 347 950
746 259 855
773 271 193
345 559 30
164 945 735
534 223 945
850 345 746
366 737 538
241 538 746
943 945 347
259 949 985
773 538 535
85 746 223
945 801 427
42 881 223
18 216 271
516 985 945
366 698 959
798 366 780
687 746 366
263 538 746
345 538 337
1000 164 259
985 644 345
347 191 882
271 674 795
223 616 366
798 538 961
698 270 746
773 894 798
798 191 811
347 698 601
191 345 903
223 985 618
259 42 53
345 259 711
136 801 746
436 795 271
30 467 185
30 622 347
185 366 946
698 746 396
30 164 848
30 259 216
801 746 219
191 430 698
271 259 347
185 798 801
14 798 801
801 798 301
698 164 859
798 164 584
698 191 951
945 746 748
722 945 42
798 947 985
798 795 105
476 30 366
795 30 609
778 801 345
390 798 185
347 96 795
18 173 191
773 945 532
319 798 538
185 366 378
588 746 538
698 189 746
18 710 366
798 39 795
773 538 449
985 745 945
698 113 42
30 695 945
544 366 795
223 185 119
936 347 18
54 773 985
592 746 271
801 723 271
271 773 398
191 5 746
191 470 801
746 164 425
259 458 347
795 590 945
164 770 191
271 798 46
4 985 798
42 869 798
259 808 345
345 481 801
773 280 223
798 42 222
259 185 520
803 18 191
591 164 185
773 713 345
682 185 18
704 345 538
280 30 347
430 223 801
271 773 382
259 861 366
185 994 191
345 366 529
259 773 22
185 366 730
347 30 213
538 698 63
801 271 177
185 78 164
698 993 42
42 185 742
801 160 191
18 795 697
698 380 259
347 623 345
666 271 985
798 113 271
528 223 42
271 58 185
191 18 242
801 478 773
902 164 259
347 798 803
30 206 801
945 158 801
538 42 485
795 663 223
795 345 244
746 538 792
310 164 191
746 347 795
746 74 538
531 698 42
347 808 746
316 42 698
347 223 102
42 286 773
18 538 644
773 903 945
42 13 798
985 583 773
584 30 42
18 832 801
798 934 223
18 871 538
366 259 333
413 18 366
798 698 958
962 347 538
345 259 51
259 147 801
985 347 812
569 259 773
366 773 578
345 801 829
628 801 798
18 698 514
698 164 353
474 223 30
222 223 347
524 259 164
705 345 538
347 141 191
422 271 30
538 191 342
49 345 223
270 945 795
42 345 643
746 615 773
366 974 801
945 778 191
366 798 302
945 746 837
362 945 42
259 801 180
660 366 271
271 746 992
773 448 538
801 773 251
42 120 366
42 420 773
185 223 594
945 330 185
613 223 985
185 370 795
708 185 223
223 698 170
698 224 795
238 42 366
347 191 294
945 164 601
985 945 374
366 985 817
259 111 798
366 223 976
941 773 538
538 42 30
576 746 366
219 42 191
30 568 185
875 30 18
985 259 118
79 985 191
801 798 299
271 538 337
773 848 985
366 259 360
185 642 985
254 347 185
366 746 967
649 795 746
345 30 981
988 366 798
620 798 795
746 42 846
388 18 259
698 652 801
406 366 164
798 493 185
42 361 345
366 793 191
801 18 394
178 271 795
538 945 296
945 410 259
895 698 271
191 347 678
18 260 985
801 271 411
122 366 538
18 871 746
985 366 779
538 698 905
538 985 259
801 244 538
118 366 345
385 347 795
191 985 259
347 185 804
795 307 18
857 945 271
801 798 506
42 440 366
795 698 822
801 661 185
185 804 223
191 372 538
270 795 191
985 867 223
259 698 389
191 985 653
345 560 698
223 538 739
191 698 220
185 223 39
30 746 28
419 191 185
271 194 698
42 798 74
945 799 985
429 30 164
304 746 773
32 985 538
773 345 385
345 366 101
945 345 261
798 97 773
774 191 798
191 795 629
802 985 164
795 64 164
259 328 538
490 347 18
345 121 191
144 223 259
887 795 945
191 985 767
945 164 545
42 7 30
259 612 223
945 746 892
18 303 773
770 985 42
746 401 538
18 792 366
851 698 773
18 661 698
746 345 497
29 185 945
798 793 223
185 187 347
985 345 895
698 164 522
698 801 445
131 271 185
255 191 223
945 30 891
538 239 798
42 366 41
554 191 985
801 94 795
798 602 698
773 30 185
42 126 795
773 223 678
347 118 271
366 894 271
835 985 42
985 366 696
366 774 773
795 30 673
920 798 366
345 191 584
538 945 314
366 21 185
133 798 746
191 892 801
36 30 164
773 417 801
164 801 1000
798 538 925
698 345 716
191 271 193
698 691 945
985 531 801
698 878 773
247 164 271
271 698 490
55 18 798
347 164 809
798 42 774
795 801 7
746 366 728
271 30 57
30 18 662
312 366 271
801 753 185
773 798 636
223 798 269
945 334 795
42 271 904
974 538 347
826 164 798
390 985 164
801 538 943
42 190 798
547 271 538
259 191 570
698 345 621
798 496 345
746 302 801
164 798 911
698 985 972
30 42 892
366 698 130
798 42 945
698 985 153
236 18 773
629 347 773
365 30 773
271 361 42
536 366 345
345 191 236
989 347 538
798 108 985
18 945 178
951 164 259
798 164 752
178 985 347
191 967 801
985 216 345
139 164 185
366 795 578
896 773 985
746 154 223
42 746 118
366 525 185
345 191 278
259 985 64
164 271 370
366 507 271
698 616 191
271 945 845
605 698 366
259 365 164
18 366 308
185 763 801
775 538 18
773 347 462
30 801 866
157 538 164
345 271 179
845 42 30
223 795 599
191 42 738
451 42 746
345 798 209
18 30 755
345 191 84
945 347 55
185 135 223
42 478 164
945 779 773
48 795 945
795 25 945
191 745 30
30 347 226
172 538 30
191 945 334
191 698 484
795 801 739
223 271 706
42 655 366
271 882 798
858 164 945
761 985 746
27 798 985
985 42 897
30 628 223
272 773 271
985 773 694
22 259 945
985 919 945
863 945 18
116 30 985
168 42 985
908 345 801
945 18 774
746 773 534
773 737 345
347 985 132
347 538 647
45 985 773
347 259 704
538 264 746
746 479 30
538 347 895
945 698 267
366 773 457
191 30 398
795 773 106
366 780 773
791 746 773
945 223 535
345 813 223
366 985 72
746 859 30
234 18 345
259 798 361
698 746 579
164 951 801
538 171 191
30 450 223
746 347 473
259 867 538
410 698 538
798 164 224
698 548 795
345 191 400
538 627 985
98 30 185
798 347 348
773 115 185
30 271 469
746 191 945
795 164 479
18 698 36
347 38 345
366 435 164
795 345 892
700 271 698
312 746 30
259 581 798
223 798 147
164 143 773
334 259 185
464 42 185
698 538 763
191 932 347
679 538 801
575 801 773
185 345 293
42 773 609
282 164 698
985 746 11
223 409 698
746 366 98
798 945 951
795 380 345
530 945 42
773 832 30
801 795 701
666 185 773
347 798 911
806 366 773
746 237 945
149 18 185
900 366 345
494 164 271
538 30 243
366 798 15
698 625 801
604 30 185
366 878 345
985 868 30
30 985 805
18 477 801
345 185 638
185 345 571
30 467 945
271 147 366
365 42 347
665 164 345
18 223 307
191 765 945
746 347 501
801 697 271
954 798 801
30 604 164
18 202 795
746 795 419
42 801 282
271 213 223
63 271 185
872 271 985
898 191 798
223 979 185
796 698 271
345 420 746
387 164 347
30 245 746
965 223 798
795 223 522
773 223 28
271 42 421
773 795 869
798 822 191
271 988 223
42 185 18
481 945 698
720 223 746
345 698 983
366 613 773
773 538 235
366 42 781
366 785 746
801 443 347
143 347 746
107 945 538
294 345 18
437 795 347
345 698 511
18 223 819
30 798 786
42 269 985
510 801 259
259 955 698
795 538 989
308 30 42
259 773 430
538 191 302
271 164 168
698 157 347
259 945 76
640 801 345
746 18 66
366 970 345
184 42 795
347 605 795
698 519 42
164 698 116
952 538 164
313 271 698
164 766 191
30 229 945
500 801 985
746 71 945
347 609 259
366 42 615
217 945 30
164 381 259
773 839 945
366 492 345
801 795 352
18 308 345
366 939 945
259 719 223
698 855 746
514 259 773
798 538 948
30 185 983
698 717 164
185 921 18
845 798 18
698 977 271
538 923 746
801 798 420
30 869 746
538 817 746
164 500 345
345 30 682
42 693 801
42 401 164
271 510 795
436 985 773
486 42 795
185 345 817
818 366 185
30 223 502
538 366 681
945 271 458
259 939 795
223 30 847
684 801 345
945 116 223
801 795 279
533 773 698
795 609 345
698 246 42
366 945 162
272 42 191
323 271 798
164 418 698
69 801 795
773 204 538
773 630 30
719 985 746
489 191 271
223 470 746
746 939 773
125 191 18
132 798 945
432 773 259
30 271 529
271 660 164
191 538 442
341 259 191
801 81 347
191 354 271
945 974 746
366 801 970
347 30 729
795 538 550
704 191 801
164 271 703
659 985 773
675 30 985
42 18 998
164 945 211
845 18 223
707 30 795
985 271 855
479 18 985
185 746 524
164 245 773
945 164 764
773 277 945
895 366 798
655 538 191
985 589 746
347 128 259
271 18 555
798 427 185
185 746 349
18 108 795
795 985 266
345 164 547
512 191 164
276 945 698
681 18 798
349 746 366
985 773 341
538 337 345
366 191 897
411 42 798
945 279 538
326 259 746
18 902 801
42 795 659
259 699 698
798 547 985
273 798 30
798 439 347
798 271 542
164 485 42
945 191 263
628 985 347
945 887 538
162 42 698
223 42 842
185 985 805
746 945 215
30 344 801
345 259 718
773 18 903
686 223 191
746 345 173
30 945 827
100 271 30
746 567 945
347 941 945
366 773 831
798 30 162
840 42 259
271 366 601
746 185 171
164 191 3
271 347 429
869 798 30
164 867 42
795 877 345
191 538 141
985 272 259
392 42 985
818 798 185
937 223 30
30 259 678
345 366 376
567 538 945
223 185 786
366 310 985
779 259 746
795 185 918
345 346 164
42 758 795
801 117 773
94 366 801
191 538 176
717 164 538
81 698 538
624 18 30
191 478 42
746 62 798
546 30 773
986 185 538
164 366 717
223 673 801
18 538 802
42 438 345
191 746 333
819 366 698
347 501 271
42 985 866
746 479 164
773 123 42
164 366 309
512 223 191
774 347 366
974 223 164
345 945 438
366 757 347
223 991 185
18 30 522
698 164 9
731 223 18
801 391 347
932 945 801
164 798 818
913 798 366
185 419 798
795 380 164
746 12 795
185 271 104
698 773 479
366 589 185
191 347 690
698 734 18
191 386 271
696 366 795
366 358 798
30 677 798
259 324 191
375 185 347
329 366 30
122 259 345
271 981 798
185 945 593
985 698 74
271 891 345
174 698 18
259 802 538
698 773 931
191 206 345
655 801 191
981 801 347
985 945 157
6 164 191
271 801 229
985 42 270
418 223 345
795 945 413
366 64 42
745 798 259
538 801 995
42 837 185
30 233 42
945 698 811
30 798 696
957 366 795
753 223 345
164 273 945
985 798 301
223 839 191
30 22 798
795 35 185
270 259 223
538 62 798
698 867 798
745 259 985
746 66 698
30 42 659
698 490 223
30 271 948
83 773 698
191 345 657
185 351 30
945 801 706
795 657 347
817 795 347
164 185 396
945 223 428
164 997 746
30 61 801
801 21 30
161 259 795
185 633 191
164 185 207
798 698 368
42 108 30
905 18 345
164 185 746
347 545 164
271 428 795
299 746 259
30 798 427
773 538 663
345 980 164
710 345 259
773 981 366
4 164 985
801 795 339
164 356 746
538 801 940
185 19 985
622 345 798
191 259 740
995 259 945
321 345 698
803 345 773
584 698 985
164 191 297
420 164 801
366 223 954
164 146 746
18 773 594
945 223 128
773 366 452
185 928 259
98 345 347
42 740 698
267 42 798
185 109 945
337 801 945
698 18 62
945 798 733
449 795 798
801 698 610
578 985 698
795 42 970
993 945 801
773 234 798
698 271 528
345 495 42
652 18 795
223 120 18
191 602 985
717 798 773
366 554 538
18 191 78
503 698 18
366 582 185
698 180 345
271 42 750
150 798 164
403 164 223
945 862 801
223 461 191
798 773 455
130 366 185
773 259 549
42 945 939
538 366 838
698 795 565
77 985 271
33 945 191
185 733 795
519 746 191