5 
5  
1 1 5 
2 2 4 
3 3 3 
4 4 2 
5 5 1 
9  
3 1 7 
4 4 6 
1 3 9 
7 2 3 
8 5 2 
2 6 8 
9 7 1 
5 8 5 
6 9 4 
50
16 223 163
2 296 977
95 63 785
292 175 188
56 154 413
81 216 307
202 113 575
78 7 872
8 278 28
184 1 797
228 152 372
153 137 477
165 170 327
170 253 121
105 226 155
279 35 259
230 135 463
197 156 371
200 20 604
135 43 695
11 105 925
140 256 142
102 119 501
240 208 320
9 66 943
15 249 574
252 169 364
97 83 764
82 29 788
192 268 93
290 89 230
264 15 303
31 55 809
220 197 325
29 180 885
125 114 704
60 161 387
28 132 886
85 283 26
222 250 49
68 143 382
269 173 223
215 68 594
179 16 672
128 11 702
199 102 606
244 71 559
282 201 187
32 262 110
50 115 530
50
217 115 569
81 251 396
246 285 62
8 4 992
174 296 69
118 110 723
74 278 86
54 235 437
226 234 184
2 18 887
75 64 754
161 49 659
216 121 529
219 266 161
228 89 640
23 167 500
235 197 156
11 214 468
145 92 729
270 267 88
294 112 299
17 229 441
68 120 697
242 57 371
100 241 199
211 131 621
169 185 253
198 290 32
286 60 358
183 254 179
232 113 516
156 184 256
124 22 763
276 202 96
94 158 291
277 77 334
193 172 277
300 238 22
96 61 780
212 3 957
271 151 353
26 27 885
37 21 861
35 160 879
107 230 238
70 256 427
116 233 217
139 136 661
76 265 407
221 195 248
50
196 213 291
186 275 164
183 223 207
109 57 880
214 262 156
124 30 997
45 88 778
234 135 704
245 176 399
57 138 549
240 237 176
40 41 883
204 149 435
53 247 603
33 211 717
256 118 726
246 109 740
156 157 432
75 239 252
102 215 248
97 287 99
153 267 220
35 148 662
207 16 912
2 137 990
217 77 843
103 151 497
108 139 494
244 59 865
236 123 774
230 242 123
112 293 69
231 192 265
37 224 607
61 235 505
238 128 765
10 212 988
47 284 112
184 191 341
27 172 825
235 294 18
192 286 47
215 130 736
116 243 240
294 259 121
239 181 419
168 140 482
136 51 869
20 68 864
179 93 776
